Hybrid Insertion
threshold 5-24
no. of data 100000
[ 57.4298, 30.0984, 30.0855, 29.3527, 29.3393, 29.9472, 32.1858, 27.5474, 25.756, 25
.7487, 25.7401, 25.7869, 25.7783, 25.7662, 25.8543, 25.7757, 25.7608, 25.7744, 25.78
43, 24.1164] 

Hybrid w. bubble
[ 59.9097, 33.312, 33.5463, 32.563, 32.4134, 32.5048, 32.9079, 31.8285, 30.4422, 30.
4026, 30.4843, 30.5951, 30.2731, 30.3305, 30.3129, 30.5613, 30.4759, 30.3112, 30.323
9, 31.0691] 

Time taken for merge sort: 78.2175 ms
No. of Datas: 100000

Data: 50,000
Time taken for merge sort: 37.5342 ms
No. of Datas: 50000

Hybrid inser
[ 27.8833, 14.1873, 13.7644, 13.8417, 13.7834, 13.77, 13.7927, 12.0027, 11.5578, 11.4509, 11.4442, 11.4659, 11.4377, 11.6374, 11.5231, 11.4661, 11.4813, 11.7972, 11.4862, 10.6232] 

Hybrid bubble
[ 29.3509, 15.6914, 15.4023, 15.3178, 15.3016, 15.3067, 15.3522, 14.5504, 14.2451, 14.243, 14.2405, 14.2321, 14.2906, 14.2632, 14.2888, 14.2704, 14.2312, 14.3639, 14.4744, 14.7014] 

Data: 10,000
Time taken for merge sort: 7.05903 ms
No. of Datas: 10000

Hy ins
[ 4.33695, 2.63729, 2.60509, 2.56815, 2.52107, 2.08051, 2.12305, 2.09853, 2.08079, 2.09364, 2.07485, 2.06403, 2.04608, 2.10188, 1.88537, 1.7137, 1.71489, 1.72236, 1.69527, 1.71273] 

Hy bub
[ 5.21856, 2.81985, 2.79778, 2.80617, 2.70552, 2.48098, 2.45905, 2.47232, 2.46646, 2.4828, 2.46653, 2.48175, 2.452, 2.47505, 2.49258, 2.50494, 2.48371, 2.49027, 2.5326, 2.5004] 

Data: 1000
Time taken for merge sort: 0.625851 ms
No. of Datas: 1000

Hy i
[ 0.546441, 0.373304, 0.318687, 0.251709, 0.250522, 0.276154, 0.25143, 0.249824, 0.249195, 0.245284, 0.156445, 0.133118, 0.129137, 0.129207, 0.129696, 0.145131, 0.1283, 0.128509, 0.132909, 0.166223] 

H b
[ 0.573401, 0.352351, 0.337615, 0.300878, 0.284954, 0.283348, 0.253804, 0.204846, 0.192903, 0.192483, 0.193252, 0.188852, 0.196115, 0.184103, 0.183893, 0.184522, 0.184173, 0.188503, 0.199538, 0.184312]
