2846
94668
16193
45171
85531
71566
20734
53166
72641
15791
39663
63892
31055
55942
9961
6271
44181
82895
37383
51154
37994
17414
92664
30843
13440
2672
79917
95913
97724
3430
72114
569
98098
4659
62091
99980
92576
99176
53145
65216
14966
9159
45459
62373
65101
55420
84995
25633
54666
22378
76787
9012
56143
85802
39854
85935
88473
36123
81847
86196
55904
70313
3116
54001
74971
65207
53980
67546
64382
23477
49113
95700
48987
94572
74424
14087
66343
59418
56072
37360
98147
32858
46371
54290
18659
2577
40224
23483
38699
38422
9679
94602
25086
29146
64955
16408
10704
35286
305
75086
75114
49418
87137
24101
60341
61560
38187
43035
20977
94258
80394
35476
43467
26765
89765
78477
29341
46340
1960
84391
1113
27990
78992
26199
57135
43946
42606
67839
95584
59263
59276
70697
25032
62764
94797
85372
40675
49336
44758
61651
59945
25151
13478
19764
51915
3242
98240
97607
49581
16551
81997
67046
60892
77341
93244
18027
37638
52201
2217
33221
11463
77844
20270
36494
56959
31418
38217
97633
80753
82974
75635
57050
24477
89113
93165
76391
92354
91404
90350
58287
24307
88698
25332
85198
66038
34927
19576
20028
87127
38144
69600
14942
15987
89869
67787
72945
21287
6004
70577
18391
5329
46212
91792
29805
35324
84956
22548
44029
92712
29249
2315
17018
17946
43998
18567
336
78924
38143
36715
82403
76286
6314
13696
8625
12535
81482
97921
33821
3837
68498
68563
25518
31061
60355
55322
82736
45310
94221
26764
38021
23469
45431
55038
57767
5780
89957
74454
1056
28099
11168
99810
20736
33833
13505
29360
46367
11338
27281
80187
15175
12130
48750
57044
59542
9104
12365
42277
54413
22938
85392
8786
62758
47174
63823
20524
69306
53779
11329
70361
98229
22496
86522
18965
56329
26
64676
2695
27715
8308
99234
42889
36789
64335
99932
96330
73438
28649
54958
44202
67938
56702
52987
30695
20227
33162
51219
89532
3292
62547
76244
17873
1395
62765
53189
74075
79142
17864
76769
6857
42524
92354
66097
79312
56688
82381
75642
46477
27381
46951
7031
95318
3652
76369
26012
23879
9530
93582
29762
29174
72481
6006
47046
73875
85122
16586
47949
64264
50801
41069
87472
93324
33423
53568
72636
6462
35948
64629
52939
79680
27931
76321
74997
31583
52689
1009
71813
78571
94590
1574
7744
67070
7579
71141
57296
92701
87726
21596
73316
54878
62665
60787
48202
12439
30706
37189
35252
83006
18169
88190
62685
46099
80862
37682
94033
33551
55042
65845
12121
49631
67419
19864
33053
91349
7356
6700
401
11433
28296
73716
66310
90960
50854
14511
19750
81560
68051
55001
64565
86219
59543
43601
48670
40404
81282
42702
73954
36323
8547
2426
2306
92317
38641
51710
83665
45996
74761
418
57428
3056
74133
40090
10367
41339
70952
30116
39250
39003
1469
20166
41573
77363
63766
90242
17766
61400
32944
8072
97722
57842
10497
16379
66510
49138
84440
50174
11485
59201
66943
85265
62256
57428
25354
88975
98766
96305
35442
38015
51659
36910
58180
93232
14272
38297
99825
48390
99696
49120
72813
13770
6961
99661
30148
73470
65150
30940
39996
76635
90140
23290
61899
68747
80717
3604
57721
79482
16260
93163
33848
67919
46424
8379
61150
77048
46676
77326
25437
46371
26446
14601
60140
33406
14261
6640
23228
79411
37579
79575
56045
44070
2864
34295
29168
99933
54250
86889
79414
70509
96403
13262
38427
42826
37992
15928
19873
84667
93254
61661
47390
36051
76261
7529
85808
90522
30520
9035
86284
84450
4961
42328
28519
24177
92974
57687
24109
63575
60927
19874
34083
57329
49487
88862
16506
87479
21141
52731
72145
30746
14391
19534
66796
7004
43415
52604
13877
73934
77990
160
58384
99303
58839
3254
39831
68164
77292
63939
31738
38218
164
65820
11898
49651
71033
28404
53481
92174
81134
25625
22919
11876
61511
6067
35231
21277
58670
49107
11562
53011
49266
69945
52313
24456
89551
92143
92619
66842
72433
24356
21412
72597
6528
33309
38599
77560
78064
92079
86085
75549
34055
25356
3777
11917
31422
39007
33193
6443
4466
44755
59453
70083
31051
11766
94539
20601
3908
87157
3795
92693
27865
41558
81641
34392
91218
20239
28303
69282
12317
14388
44830
62723
39743
64958
74640
87516
3965
7832
93958
8430
52586
53410
78512
99989
81527
73050
36941
1787
76559
40735
94479
4423
98644
76119
55166
89862
96357
83468
59143
25025
97855
20324
4099
53949
85282
78738
41464
5598
2922
35421
30379
71859
5183
8890
71847
86709
98292
8788
88495
91202
65874
82973
11976
64518
75443
67141
54379
88151
66960
29873
13175
81167
66548
33626
35115
51829
12363
92931
73778
31636
44703
4156
3495
49885
29398
75341
52946
44041
480
41440
35242
66354
40765
63569
47223
16207
47061
1601
4358
14020
47825
33884
95186
14372
67509
46653
82553
96224
39583
56330
27859
637
76838
31353
50522
6235
23046
3467
66627
23525
61258
1868
6230
18374
81788
53452
34581
28848
71404
55290
42867
19228
5525
54405
33600
89386
17409
16152
85609
73343
88833
29819
73979
65670
77524
24500
88256
569
44318
54882
40445
21928
73101
46675
40301
54888
16478
91233
83735
87882
62874
42954
7109
68399
13710
40708
74136
31118
73211
59744
4460
62044
5914
78438
27713
83437
19290
15969
84005
79959
87202
40802
1886
60303
3828
42187
15190
20305
33419
15277
24538
96293
58230
31647
81043
88291
88706
55178
19408
78269
31273
40219
40312
37186
18656
84376
20623
54297
16696
20979
34256
3898
61780
36141
64200
81959
94679
79389
2264
28098
11017
26801
40742
69246
74799
21784
73888
79857
76961
93295
58125
8233
33513
14788
61770
68521
99163
82392
39169
32211
19723
89776
36108
97854
25917
307
79813
36947
96047
98428
81396
7064
41580
22137
92661
16379
60272
66549
12587
37232
76195
87063
61816
26060
1850
23586
10932
17364
22329
50100
49574
58403
39876
85681
56257
82144
2339
36069
19090
14738
34496
486
38153
76075
38974
30813
8805
99246
13713
21391
36477
89908
24805
14645
32319
26654
54582
43250
60370
93262
93349
9943
51665
33224
11976
7921
31719
30666
60341
50809
45403
94836
67646
83555
87262
6619
30720
12419
5864
60784
50161
58693
67043
74966
89689
99361
17971
44270
42610
78340
53883
52311
4635
5547
1886
16610
29819
33605
63627
90159
765
9030
1346
